((("get_allow_cwr_d/2" .
   [0 0 0 0 0 0 0 1 0 1 0 0 0 0 0 0 0])
  ("set_allow_cwr_t/3" .
   [0 0 0 0 0 0 0 0 0 0 0 1 0 0 0 0 0])
  ("set_allow_cwr/3" .
   [0 0 0 0 0 0 0 0 0 0 1 0 0 0 0])
  ("is_integer" .
   [0 0 0 0 0 0 0 0 1 0])
  ("Data" .
   [2 0 0 0])
  ("Eid" .
   [7 0 0])
  ("when" .
   [3 0 0 0])
  ("estore_cfg_aux" .
   [1 0 0 0 0 0 0 0 0 0 0 0 0 1])
  ("Country" .
   [5 0 0 0 0 1 0])
  ("i" .
   [2])
  ("case" .
   [2 0 0 0])
  ("Rsrv" .
   [2 0 0 0])
  ("of" .
   [1 0])
  ("Rno" .
   [1 0 0])
  ("if" .
   [1 0])
  ("AllowCWR" .
   [0 0 0 0 0 1 0 0])
  ("end" .
   [1 0 0])
  ("allow_cwr" .
   [0 0 0 0 0 0 1 0 0])
  ("Conf" .
   [1 0 0 0])
  ("c" .
   [1])))
